age,sex,Chestpain,RestingBP,Cholesterol,FastingBS,RestingECG,Maxheartrate,Exercise-Induced_Angina,ST_Depression,Slope,Target,0_Damaged_Vessel,1_Damaged_Vessel,2_Damaged_Vessel,3_Damaged_Vessel,No_Thalassemia,Fixed_Thalassemia,Reversible,age_raw
1.38180979683779,1.0,4.0,1.5976279411840664,0.7424640427695677,0.0,2.0,-1.8132154369987714,1.0,1.5,2.0,2,0.0,0.0,0.0,1.0,1.0,0.0,0.0,67.0
1.38180979683779,1.0,4.0,-0.6564133867019374,-0.35388230149860533,0.0,2.0,-0.8978457337270778,1.0,2.6,2.0,1,0.0,0.0,1.0,0.0,0.0,0.0,1.0,67.0
-1.9381228319283297,1.0,3.0,-0.09290305473043646,0.050034772705458405,0.0,0.0,1.630318208642362,0.0,3.5,3.0,0,1.0,0.0,0.0,0.0,1.0,0.0,0.0,37.0
-1.495465148092847,0.0,2.0,-0.09290305473043646,-0.8347359612653479,0.0,2.0,0.9764827063054379,0.0,1.4,1.0,0,1.0,0.0,0.0,0.0,1.0,0.0,0.0,41.0
0.16450116629021289,1.0,2.0,-0.6564133867019374,-0.21924327676391744,0.0,0.0,1.2380169072402076,0.0,0.8,1.0,0,1.0,0.0,0.0,0.0,1.0,0.0,0.0,56.0
0.8284876920434369,0.0,4.0,0.47060727724106444,0.39624940773751305,0.0,2.0,0.45341430443589864,0.0,3.6,3.0,3,0.0,0.0,1.0,0.0,1.0,0.0,0.0,62.0
0.2751655872490835,0.0,4.0,-0.6564133867019374,2.0503859973351073,0.0,0.0,0.5841814049032835,1.0,0.6,1.0,0,1.0,0.0,0.0,0.0,1.0,0.0,0.0,57.0
0.9391521130023075,1.0,4.0,-0.09290305473043646,0.1269713582681372,0.0,2.0,-0.11324313092276886,0.0,1.4,2.0,2,0.0,1.0,0.0,0.0,0.0,0.0,1.0,63.0
-0.16749209658639908,1.0,4.0,0.47060727724106444,-0.8539701076560177,1.0,2.0,0.23546913699025732,1.0,3.1,3.0,1,1.0,0.0,0.0,0.0,0.0,0.0,1.0,53.0
0.2751655872490835,1.0,4.0,0.47060727724106444,-1.0655457179533843,0.0,0.0,-0.06965409743364058,0.0,0.4,2.0,0,1.0,0.0,0.0,0.0,0.0,1.0,0.0,57.0
0.16450116629021289,0.0,2.0,0.47060727724106444,0.8963372138949254,0.0,2.0,0.14829107001200076,0.0,1.3,2.0,0,1.0,0.0,0.0,0.0,1.0,0.0,0.0,56.0
0.16450116629021289,1.0,3.0,-0.09290305473043646,0.16543965104947664,1.0,2.0,-0.3311882983684102,1.0,0.6,2.0,2,0.0,1.0,0.0,0.0,0.0,1.0,0.0,56.0
-1.163471885216235,1.0,2.0,-0.6564133867019374,0.30007867578416453,0.0,0.0,1.0200717397945662,0.0,0.0,1.0,0,1.0,0.0,0.0,0.0,0.0,0.0,1.0,44.0
-0.27815651754526977,1.0,3.0,2.273840339549867,-0.9309066932186965,1.0,0.0,0.5405923714141552,0.0,0.5,1.0,0,1.0,0.0,0.0,0.0,0.0,0.0,1.0,52.0
0.2751655872490835,1.0,3.0,1.0341176092125655,-1.5271652313294573,0.0,0.0,1.0636607732836945,0.0,1.6,1.0,0,1.0,0.0,0.0,0.0,1.0,0.0,0.0,57.0
-0.7208142013807524,1.0,2.0,-1.2199237186734384,-0.35388230149860533,0.0,0.0,0.8021265723489248,0.0,1.0,3.0,1,1.0,0.0,0.0,0.0,0.0,0.0,1.0,48.0
-0.056827675627528426,1.0,4.0,0.47060727724106444,-0.16154083759190832,0.0,0.0,0.45341430443589864,0.0,1.2,1.0,0,1.0,0.0,0.0,0.0,1.0,0.0,0.0,54.0
-0.7208142013807524,0.0,3.0,-0.09290305473043646,0.530888432472201,0.0,0.0,-0.461955398835795,0.0,0.2,1.0,0,1.0,0.0,0.0,0.0,1.0,0.0,0.0,48.0
-0.6101497804218817,1.0,2.0,-0.09290305473043646,0.35778111495617365,0.0,0.0,0.9328936728163096,0.0,0.6,1.0,0,1.0,0.0,0.0,0.0,1.0,0.0,0.0,49.0
1.049816533961178,1.0,1.0,-1.2199237186734384,-0.70009693653066,0.0,2.0,-0.24401023139015365,1.0,1.8,2.0,0,1.0,0.0,0.0,0.0,1.0,0.0,0.0,64.0
0.3858300082079542,0.0,1.0,1.0341176092125655,0.6847616035975586,1.0,2.0,0.5405923714141552,0.0,1.0,1.0,0,1.0,0.0,0.0,0.0,1.0,0.0,0.0,58.0
0.3858300082079542,1.0,2.0,-0.6564133867019374,0.7039957499882283,0.0,2.0,0.45341430443589864,0.0,1.8,2.0,1,1.0,0.0,0.0,0.0,1.0,0.0,0.0,58.0
0.3858300082079542,1.0,3.0,0.01979901166386372,-0.45005303345195385,0.0,2.0,1.0200717397945662,0.0,3.2,1.0,3,0.0,0.0,1.0,0.0,0.0,0.0,1.0,58.0
0.6071588501256955,1.0,4.0,-0.09290305473043646,-0.7962676684840085,0.0,2.0,-0.7670786332596929,1.0,2.4,2.0,4,0.0,0.0,1.0,0.0,0.0,0.0,1.0,60.0
-0.49948535946301104,0.0,3.0,-0.6564133867019374,-0.5462237654053024,0.0,0.0,0.3662362374576421,0.0,1.6,2.0,0,1.0,0.0,0.0,0.0,1.0,0.0,0.0,50.0
0.3858300082079542,0.0,3.0,-0.6564133867019374,1.7811079478657317,0.0,0.0,0.9764827063054379,0.0,0.0,1.0,0,1.0,0.0,0.0,0.0,1.0,0.0,0.0,58.0
1.2711453758789195,0.0,1.0,1.0341176092125655,-0.41158474067061446,0.0,0.0,-1.5516812360640018,0.0,2.6,3.0,0,1.0,0.0,0.0,0.0,1.0,0.0,0.0,66.0
-1.2741363061751056,1.0,4.0,1.0341176092125655,-0.007667666466550701,0.0,0.0,0.9328936728163096,0.0,1.5,1.0,0,1.0,0.0,0.0,0.0,1.0,0.0,0.0,43.0
-1.6061295690517177,1.0,4.0,-1.2199237186734384,-1.546399377720127,0.0,2.0,-1.5516812360640018,1.0,2.0,2.0,3,1.0,0.0,0.0,0.0,0.0,0.0,1.0,40.0
1.6031386387555313,0.0,1.0,0.47060727724106444,-0.16154083759190832,0.0,0.0,0.06111300303374423,0.0,1.8,1.0,0,0.0,0.0,1.0,0.0,1.0,0.0,0.0,69.0
0.6071588501256955,1.0,4.0,-0.8254664862933877,-0.33464815510793566,1.0,0.0,0.45341430443589864,1.0,1.4,1.0,2,0.0,0.0,1.0,0.0,0.0,0.0,1.0,60.0
1.049816533961178,1.0,3.0,0.47060727724106444,1.6849372159123832,0.0,0.0,0.3662362374576421,0.0,0.0,1.0,1,1.0,0.0,0.0,0.0,1.0,0.0,0.0,64.0
0.49649442916682485,1.0,4.0,0.188852111255314,-0.2577115695452568,0.0,0.0,0.49700333792502693,0.0,0.5,2.0,0,1.0,0.0,0.0,0.0,0.0,0.0,1.0,59.0
-1.163471885216235,1.0,3.0,-0.09290305473043646,-0.27694571593592654,0.0,0.0,1.2816059407293359,1.0,0.4,1.0,0,1.0,0.0,0.0,0.0,1.0,0.0,0.0,44.0
-1.3848007271339764,1.0,4.0,0.47060727724106444,-0.41158474067061446,0.0,0.0,1.2380169072402076,0.0,0.0,1.0,0,1.0,0.0,0.0,0.0,1.0,0.0,0.0,42.0
-1.2741363061751056,1.0,4.0,-0.6564133867019374,-1.3540579138134299,0.0,2.0,-1.2901470351292321,1.0,2.5,2.0,3,1.0,0.0,0.0,0.0,0.0,0.0,1.0,43.0
0.2751655872490835,1.0,4.0,1.0341176092125655,0.5501225788628706,0.0,2.0,-1.6388593030422582,1.0,0.6,2.0,1,0.0,1.0,0.0,0.0,0.0,1.0,0.0,57.0
0.05383674533134222,1.0,4.0,0.01979901166386372,2.031151850944438,0.0,0.0,-0.7670786332596929,1.0,1.2,2.0,3,0.0,1.0,0.0,0.0,0.0,0.0,1.0,55.0
0.7178232710845661,1.0,3.0,1.0341176092125655,-0.08460425202922951,1.0,0.0,-0.5491334658140515,1.0,1.0,2.0,0,1.0,0.0,0.0,0.0,1.0,0.0,0.0,61.0
1.1604809549200488,0.0,4.0,1.0341176092125655,-0.4308188870612842,0.0,2.0,-1.5516812360640018,0.0,1.0,2.0,4,0.0,0.0,0.0,1.0,0.0,0.0,1.0,65.0
-1.6061295690517177,1.0,1.0,0.47060727724106444,-0.9309066932186965,0.0,0.0,1.2380169072402076,1.0,1.4,1.0,0,1.0,0.0,0.0,0.0,0.0,0.0,1.0,40.0
1.8244674806732728,0.0,2.0,1.5976279411840664,1.0502103850202829,0.0,0.0,0.5405923714141552,0.0,0.4,1.0,0,0.0,0.0,1.0,0.0,1.0,0.0,0.0,71.0
0.49649442916682485,1.0,3.0,1.0341176092125655,-0.6808627901399903,1.0,0.0,0.3226472039685139,0.0,1.6,1.0,0,1.0,0.0,0.0,0.0,1.0,0.0,0.0,59.0
0.7178232710845661,0.0,4.0,-0.09290305473043646,1.5887664839590345,0.0,2.0,0.845715605838053,0.0,0.0,1.0,1,1.0,0.0,0.0,0.0,1.0,0.0,0.0,61.0
0.3858300082079542,1.0,3.0,-1.107221652279138,-0.33464815510793566,0.0,2.0,0.67135947188154,0.0,2.5,2.0,4,0.0,1.0,0.0,0.0,0.0,0.0,1.0,58.0
-0.3888209385041404,1.0,3.0,-1.2199237186734384,-1.3925262065947692,0.0,0.0,-1.1593799346618474,0.0,0.6,1.0,0,1.0,0.0,0.0,0.0,1.0,0.0,0.0,51.0
-0.49948535946301104,1.0,4.0,1.0341176092125655,-0.08460425202922951,0.0,2.0,-0.941434767216206,0.0,2.6,2.0,4,1.0,0.0,0.0,0.0,0.0,0.0,1.0,50.0
1.1604809549200488,0.0,3.0,0.47060727724106444,3.2621372199472987,1.0,2.0,0.3226472039685139,0.0,0.8,1.0,0,0.0,1.0,0.0,0.0,1.0,0.0,0.0,65.0
-0.16749209658639908,1.0,3.0,-0.09290305473043646,-0.9693749860000358,1.0,2.0,0.1047020365228725,0.0,1.2,3.0,0,1.0,0.0,0.0,0.0,1.0,0.0,0.0,53.0
-1.495465148092847,0.0,2.0,-1.5016788846591889,-0.9501408396093661,0.0,0.0,0.8021265723489248,0.0,0.0,1.0,0,0.0,1.0,0.0,0.0,1.0,0.0,0.0,41.0
1.1604809549200488,1.0,4.0,-0.6564133867019374,-1.3540579138134299,0.0,0.0,-0.41836636534666677,0.0,0.4,1.0,0,1.0,0.0,0.0,0.0,0.0,0.0,1.0,65.0
-1.163471885216235,1.0,4.0,-1.107221652279138,0.8194006283322465,0.0,2.0,0.14829107001200076,0.0,0.0,1.0,2,0.0,1.0,0.0,0.0,1.0,0.0,0.0,44.0
-1.163471885216235,1.0,2.0,-0.09290305473043646,-0.5462237654053024,0.0,2.0,1.6739072421314902,0.0,0.0,1.0,0,1.0,0.0,0.0,0.0,1.0,0.0,0.0,44.0
0.6071588501256955,1.0,4.0,-0.09290305473043646,0.10773721187746751,0.0,0.0,-0.24401023139015365,1.0,1.4,1.0,1,0.0,1.0,0.0,0.0,0.0,0.0,1.0,60.0
-0.056827675627528426,1.0,4.0,-0.431009253913337,0.35778111495617365,0.0,2.0,-1.7696264035096432,1.0,2.2,2.0,1,0.0,1.0,0.0,0.0,0.0,0.0,1.0,54.0
-0.49948535946301104,1.0,3.0,0.47060727724106444,-0.27694571593592654,0.0,0.0,0.5841814049032835,0.0,0.6,2.0,1,0.0,1.0,0.0,0.0,0.0,0.0,1.0,50.0
-1.495465148092847,1.0,4.0,-1.2199237186734384,-1.4502286457667783,0.0,2.0,0.3662362374576421,0.0,0.0,1.0,1,1.0,0.0,0.0,0.0,0.0,0.0,1.0,41.0
-0.056827675627528426,1.0,3.0,-0.37465822071618693,0.49242013969086157,0.0,2.0,0.1047020365228725,0.0,0.5,3.0,0,0.0,1.0,0.0,0.0,1.0,0.0,0.0,54.0
-0.3888209385041404,1.0,1.0,-0.37465822071618693,-0.6616286437493206,0.0,2.0,-1.0722018676835907,1.0,1.4,1.0,0,0.0,1.0,0.0,0.0,1.0,0.0,0.0,51.0
-0.3888209385041404,0.0,4.0,-0.09290305473043646,1.107912824192292,0.0,0.0,-0.3311882983684102,1.0,1.2,2.0,2,1.0,0.0,0.0,0.0,0.0,0.0,1.0,51.0
-0.9421430432984936,0.0,3.0,0.5833093436353647,-1.3540579138134299,0.0,2.0,0.45341430443589864,1.0,1.4,3.0,0,1.0,0.0,0.0,0.0,1.0,0.0,0.0,46.0
0.3858300082079542,1.0,4.0,-0.20560512112473664,-0.6039262045773115,0.0,2.0,-0.8106676667488212,1.0,2.2,2.0,1,0.0,0.0,0.0,1.0,0.0,0.0,1.0,58.0
-0.056827675627528426,0.0,3.0,0.188852111255314,1.0886786778016224,1.0,0.0,0.8893046393271814,0.0,0.0,1.0,0,1.0,0.0,0.0,0.0,1.0,0.0,0.0,54.0
-0.056827675627528426,1.0,4.0,-0.6564133867019374,-1.1424823035160632,0.0,0.0,-1.59527026955313,0.0,1.4,2.0,2,0.0,1.0,0.0,0.0,0.0,0.0,1.0,54.0
0.6071588501256955,1.0,4.0,0.7523624432268149,0.6655274572068889,0.0,2.0,-0.3311882983684102,1.0,2.8,2.0,2,0.0,0.0,1.0,0.0,0.0,0.0,1.0,60.0
0.6071588501256955,1.0,3.0,0.47060727724106444,-1.2001847426880723,0.0,2.0,0.23546913699025732,0.0,3.0,2.0,1,1.0,0.0,0.0,0.0,1.0,0.0,0.0,60.0
-0.056827675627528426,1.0,3.0,1.0341176092125655,-0.29617986232659627,0.0,2.0,0.67135947188154,0.0,1.6,1.0,0,1.0,0.0,0.0,0.0,0.0,0.0,1.0,54.0
0.49649442916682485,1.0,4.0,2.1611382731555673,1.5118298983963558,0.0,2.0,-0.41836636534666677,1.0,3.4,3.0,2,1.0,0.0,0.0,0.0,0.0,0.0,1.0,59.0
-0.9421430432984936,1.0,3.0,1.0341176092125655,-0.31541400871726594,0.0,0.0,-0.11324313092276886,0.0,3.6,2.0,1,1.0,0.0,0.0,0.0,1.0,0.0,0.0,46.0
1.1604809549200488,0.0,3.0,1.315872775198316,0.4154835541281828,0.0,0.0,-0.06965409743364058,0.0,0.8,1.0,0,1.0,0.0,0.0,0.0,1.0,0.0,0.0,65.0
1.38180979683779,1.0,4.0,-0.37465822071618693,0.1269713582681372,1.0,0.0,0.5841814049032835,0.0,0.2,2.0,3,0.0,0.0,1.0,0.0,0.0,0.0,1.0,67.0
0.8284876920434369,1.0,4.0,-0.6564133867019374,0.3770152613468434,0.0,0.0,-2.205516738400926,1.0,1.8,2.0,1,0.0,0.0,1.0,0.0,0.0,0.0,1.0,62.0
1.1604809549200488,1.0,4.0,-1.2199237186734384,0.011566479924119003,0.0,2.0,0.3662362374576421,0.0,0.6,1.0,1,0.0,0.0,1.0,0.0,0.0,1.0,0.0,65.0
-1.163471885216235,1.0,4.0,-1.2199237186734384,-0.9693749860000358,0.0,2.0,1.1944278737510792,0.0,0.0,1.0,1,0.0,1.0,0.0,0.0,1.0,0.0,0.0,44.0
1.1604809549200488,0.0,3.0,1.5976279411840664,2.1657908756791255,0.0,2.0,0.06111300303374423,0.0,0.8,1.0,0,1.0,0.0,0.0,0.0,1.0,0.0,0.0,65.0
0.6071588501256955,1.0,4.0,-0.37465822071618693,0.20390794383081604,0.0,2.0,-0.3747773318575385,1.0,2.8,2.0,1,0.0,1.0,0.0,0.0,0.0,0.0,1.0,60.0
-0.3888209385041404,0.0,3.0,0.47060727724106444,1.165615263364301,0.0,2.0,-0.3311882983684102,0.0,1.5,1.0,0,0.0,1.0,0.0,0.0,1.0,0.0,0.0,51.0
-0.7208142013807524,1.0,2.0,-0.09290305473043646,-0.04613595924789011,0.0,2.0,1.325194974218464,0.0,0.2,2.0,0,1.0,0.0,0.0,0.0,1.0,0.0,0.0,48.0
0.3858300082079542,1.0,4.0,1.0341176092125655,0.43471770051885245,0.0,2.0,-1.6824483365313865,1.0,0.8,1.0,3,1.0,0.0,0.0,0.0,0.0,0.0,1.0,58.0
-1.0528074642573644,1.0,4.0,-1.5580299178563388,-0.7577993757026691,0.0,2.0,-0.06965409743364058,1.0,3.0,2.0,0,1.0,0.0,0.0,0.0,1.0,0.0,0.0,45.0
-0.16749209658639908,0.0,4.0,-0.09290305473043646,0.31931282217483425,0.0,2.0,-0.28759926487928195,0.0,0.4,2.0,0,1.0,0.0,0.0,0.0,1.0,0.0,0.0,53.0
-1.7167939900105882,1.0,3.0,0.47060727724106444,1.4156591664430074,0.0,2.0,1.4123730411967206,0.0,0.0,1.0,0,1.0,0.0,0.0,0.0,1.0,0.0,0.0,39.0
1.4924742177966608,1.0,3.0,2.724648605127068,0.5116542860815313,1.0,2.0,0.017523969544615957,1.0,1.6,2.0,3,1.0,0.0,0.0,0.0,0.0,0.0,1.0,68.0
-0.27815651754526977,1.0,2.0,-0.6564133867019374,1.492595752005686,0.0,0.0,0.9764827063054379,0.0,0.2,1.0,0,1.0,0.0,0.0,0.0,1.0,0.0,0.0,52.0
-1.163471885216235,1.0,3.0,0.47060727724106444,-0.23847742315458714,0.0,2.0,1.325194974218464,0.0,0.0,1.0,0,1.0,0.0,0.0,0.0,1.0,0.0,0.0,44.0
-0.831478622339623,1.0,3.0,0.3579052108467643,0.18467379744014634,0.0,2.0,0.2790581704793856,0.0,0.0,1.0,0,1.0,0.0,0.0,0.0,1.0,0.0,0.0,47.0
-0.16749209658639908,0.0,4.0,0.3579052108467643,-0.2577115695452568,0.0,2.0,0.45341430443589864,0.0,0.0,1.0,0,1.0,0.0,0.0,0.0,1.0,0.0,0.0,53.0
-0.3888209385041404,0.0,3.0,-0.09290305473043646,0.16543965104947664,0.0,2.0,-0.02606506394451231,0.0,0.5,1.0,0,1.0,0.0,0.0,0.0,1.0,0.0,0.0,51.0
1.2711453758789195,1.0,4.0,-0.6564133867019374,1.0502103850202829,0.0,2.0,0.06111300303374423,0.0,0.4,2.0,0,1.0,0.0,0.0,0.0,1.0,0.0,0.0,66.0
0.8284876920434369,0.0,4.0,1.5976279411840664,-1.604101816892136,0.0,2.0,-0.2004211979010254,0.0,6.2,3.0,3,0.0,0.0,0.0,1.0,0.0,0.0,1.0,62.0
0.8284876920434369,1.0,3.0,-0.09290305473043646,-0.31541400871726594,0.0,0.0,-0.15683216441189712,0.0,1.8,2.0,0,0.0,0.0,0.0,1.0,0.0,0.0,1.0,62.0
-1.163471885216235,0.0,3.0,-1.3326257850677385,-2.0464871838775394,0.0,0.0,1.1072498067728227,0.0,0.6,2.0,0,1.0,0.0,0.0,0.0,1.0,0.0,0.0,44.0
0.9391521130023075,0.0,3.0,0.188852111255314,0.08850306548679782,0.0,2.0,0.9764827063054379,0.0,0.0,1.0,0,1.0,0.0,0.0,0.0,1.0,0.0,0.0,63.0
-0.27815651754526977,1.0,4.0,-0.20560512112473664,0.1462055046588069,0.0,0.0,0.49700333792502693,1.0,0.0,1.0,1,0.0,1.0,0.0,0.0,0.0,0.0,1.0,52.0
0.49649442916682485,1.0,4.0,-1.2199237186734384,-0.16154083759190832,0.0,2.0,-0.3311882983684102,1.0,1.2,2.0,2,0.0,1.0,0.0,0.0,0.0,0.0,1.0,59.0
0.6071588501256955,0.0,4.0,1.0341176092125655,0.20390794383081604,0.0,2.0,0.3226472039685139,0.0,2.6,2.0,3,0.0,0.0,1.0,0.0,0.0,0.0,1.0,60.0
-0.27815651754526977,1.0,2.0,0.1325010780581639,-0.892438400437357,0.0,0.0,0.3662362374576421,0.0,0.8,1.0,0,0.0,1.0,0.0,0.0,1.0,0.0,0.0,52.0
-0.7208142013807524,1.0,4.0,-0.5437113203076372,-0.48852132623329325,0.0,2.0,1.5867291751532338,0.0,0.0,1.0,0,1.0,0.0,0.0,0.0,1.0,0.0,0.0,48.0
-1.0528074642573644,1.0,4.0,-0.9381685526876878,0.24237623661215543,0.0,2.0,1.5431401416641055,0.0,0.0,1.0,0,1.0,0.0,0.0,0.0,1.0,0.0,0.0,45.0
-2.2701160948049415,1.0,1.0,-0.7691154530962375,-1.2578871818600814,0.0,2.0,1.0636607732836945,0.0,0.0,1.0,0,1.0,0.0,0.0,0.0,1.0,0.0,0.0,34.0
0.2751655872490835,0.0,4.0,-0.20560512112473664,1.0694445314109526,0.0,2.0,0.4098252709467704,0.0,0.0,1.0,0,0.0,1.0,0.0,0.0,1.0,0.0,0.0,57.0
1.8244674806732728,0.0,3.0,-1.2199237186734384,0.3385469685655039,1.0,2.0,-0.8542567002379494,0.0,0.0,1.0,0,0.0,1.0,0.0,0.0,1.0,0.0,0.0,71.0
-0.6101497804218817,1.0,3.0,-0.6564133867019374,-1.1424823035160632,0.0,0.0,-0.461955398835795,0.0,2.0,2.0,3,0.0,0.0,0.0,1.0,0.0,0.0,1.0,49.0
-0.056827675627528426,1.0,2.0,-1.3326257850677385,1.1848494097549709,0.0,0.0,0.2790581704793856,0.0,0.0,1.0,0,1.0,0.0,0.0,0.0,0.0,0.0,1.0,54.0
0.49649442916682485,1.0,4.0,0.47060727724106444,-1.3540579138134299,0.0,0.0,0.5405923714141552,1.0,0.0,1.0,2,0.0,1.0,0.0,0.0,0.0,0.0,1.0,59.0
0.2751655872490835,1.0,3.0,-0.20560512112473664,-0.35388230149860533,0.0,2.0,0.017523969544615957,0.0,0.4,2.0,1,0.0,1.0,0.0,0.0,0.0,0.0,1.0,57.0
0.7178232710845661,1.0,4.0,-0.6564133867019374,0.24237623661215543,0.0,0.0,-0.41836636534666677,1.0,3.6,2.0,2,0.0,1.0,0.0,0.0,0.0,0.0,1.0,61.0
-1.7167939900105882,1.0,4.0,-0.7691154530962375,-0.5462237654053024,0.0,0.0,-0.41836636534666677,0.0,1.2,2.0,3,1.0,0.0,0.0,0.0,0.0,0.0,1.0,39.0
0.7178232710845661,0.0,4.0,0.7523624432268149,1.1463811169736315,0.0,2.0,-0.15683216441189712,1.0,1.0,2.0,1,1.0,0.0,0.0,0.0,0.0,0.0,1.0,61.0
0.16450116629021289,1.0,4.0,-0.37465822071618693,0.030800626314788703,1.0,2.0,-0.24401023139015365,1.0,1.2,2.0,1,0.0,1.0,0.0,0.0,1.0,0.0,0.0,56.0
-0.27815651754526977,1.0,1.0,-0.7691154530962375,-1.1809505962974025,0.0,2.0,1.7610853091097467,0.0,0.0,2.0,0,1.0,0.0,0.0,0.0,0.0,1.0,0.0,52.0
-1.2741363061751056,0.0,4.0,0.01979901166386372,1.8003420942564015,1.0,2.0,-0.5927224993031798,1.0,3.0,2.0,2,1.0,0.0,0.0,0.0,0.0,0.0,1.0,43.0
0.8284876920434369,0.0,3.0,-0.09290305473043646,0.30007867578416453,0.0,0.0,-2.2926948053791825,0.0,1.2,2.0,2,0.0,1.0,0.0,0.0,0.0,0.0,1.0,62.0
-1.495465148092847,1.0,2.0,0.188852111255314,-0.8539701076560177,0.0,0.0,-0.7670786332596929,0.0,0.0,2.0,0,1.0,0.0,0.0,0.0,0.0,1.0,0.0,41.0
0.3858300082079542,1.0,3.0,0.47060727724106444,-0.70009693653066,1.0,2.0,0.67135947188154,0.0,0.0,1.0,0,1.0,0.0,0.0,0.0,1.0,0.0,0.0,58.0
-2.1594516738460707,0.0,4.0,0.3579052108467643,-1.2386530354694116,0.0,0.0,1.4123730411967206,0.0,1.4,1.0,0,1.0,0.0,0.0,0.0,1.0,0.0,0.0,35.0
0.9391521130023075,1.0,4.0,-0.09290305473043646,1.5887664839590345,1.0,2.0,-0.7670786332596929,1.0,1.8,1.0,3,0.0,0.0,0.0,1.0,0.0,0.0,1.0,63.0
1.1604809549200488,1.0,4.0,0.188852111255314,0.1269713582681372,0.0,2.0,-0.9850238007053342,0.0,2.8,2.0,2,0.0,1.0,0.0,0.0,0.0,0.0,1.0,65.0
-0.7208142013807524,1.0,4.0,-0.09290305473043646,0.16543965104947664,1.0,2.0,0.017523969544615957,1.0,0.0,1.0,3,0.0,0.0,1.0,0.0,0.0,0.0,1.0,48.0
0.9391521130023075,0.0,4.0,1.0341176092125655,3.0697957560406017,0.0,2.0,0.19188010350112905,0.0,4.0,2.0,4,0.0,0.0,0.0,1.0,0.0,0.0,1.0,63.0
-0.3888209385041404,1.0,3.0,-1.7834340506449393,-0.48852132623329325,0.0,0.0,-0.28759926487928195,1.0,1.2,2.0,0,1.0,0.0,0.0,0.0,1.0,0.0,0.0,51.0
0.05383674533134222,1.0,4.0,0.47060727724106444,-0.5846920581866418,0.0,0.0,-1.6824483365313865,1.0,5.6,3.0,3,1.0,0.0,0.0,0.0,0.0,0.0,1.0,55.0
1.1604809549200488,1.0,1.0,0.3579052108467643,0.6655274572068889,1.0,2.0,1.0636607732836945,0.0,1.4,2.0,1,0.0,1.0,0.0,0.0,1.0,0.0,0.0,65.0
-1.0528074642573644,0.0,2.0,-0.09290305473043646,-0.2577115695452568,0.0,2.0,1.1072498067728227,0.0,0.6,2.0,0,1.0,0.0,0.0,0.0,1.0,0.0,0.0,45.0
0.16450116629021289,0.0,4.0,3.85166926907007,0.7809323355509071,1.0,2.0,-0.7234895997705646,1.0,4.0,3.0,3,0.0,0.0,1.0,0.0,0.0,0.0,1.0,56.0
-0.056827675627528426,1.0,4.0,-1.2199237186734384,-0.16154083759190832,0.0,0.0,-1.0286128341944625,1.0,2.8,2.0,3,0.0,1.0,0.0,0.0,0.0,0.0,1.0,54.0
-1.163471885216235,1.0,2.0,-0.6564133867019374,-0.5269896190146327,0.0,0.0,0.8893046393271814,0.0,0.0,1.0,0,1.0,0.0,0.0,0.0,1.0,0.0,0.0,44.0
0.8284876920434369,0.0,4.0,-0.431009253913337,-0.7385652293119994,0.0,0.0,0.5841814049032835,0.0,0.0,1.0,0,1.0,0.0,0.0,0.0,1.0,0.0,0.0,62.0
-0.056827675627528426,1.0,3.0,-0.6564133867019374,0.20390794383081604,0.0,2.0,-0.11324313092276886,0.0,0.4,2.0,0,1.0,0.0,0.0,0.0,0.0,0.0,1.0,54.0
-0.3888209385041404,1.0,3.0,-2.1215402498278397,-0.39235059427994473,0.0,0.0,0.19188010350112905,1.0,0.0,1.0,0,0.0,1.0,0.0,0.0,0.0,0.0,1.0,51.0
-2.8234381995992948,1.0,2.0,-0.09290305473043646,-0.8347359612653479,0.0,2.0,2.284153710979286,0.0,0.0,1.0,0,1.0,0.0,0.0,0.0,1.0,0.0,0.0,29.0
-0.3888209385041404,1.0,4.0,0.47060727724106444,0.26161038300282513,0.0,2.0,1.5867291751532338,1.0,0.0,1.0,0,1.0,0.0,0.0,0.0,1.0,0.0,0.0,51.0
-1.2741363061751056,0.0,3.0,-0.5437113203076372,-0.6616286437493206,0.0,0.0,0.67135947188154,0.0,0.2,2.0,0,1.0,0.0,0.0,0.0,1.0,0.0,0.0,43.0
0.05383674533134222,0.0,2.0,0.188852111255314,0.050034772705458405,0.0,2.0,0.49700333792502693,0.0,1.4,2.0,0,1.0,0.0,0.0,0.0,1.0,0.0,0.0,55.0
1.713803059714402,1.0,4.0,0.7523624432268149,-1.411760352985439,0.0,0.0,-1.0722018676835907,1.0,2.6,3.0,4,1.0,0.0,0.0,0.0,0.0,0.0,1.0,70.0
0.8284876920434369,1.0,2.0,-0.6564133867019374,0.6462933108162192,0.0,2.0,-2.0311606044444126,0.0,1.4,2.0,3,0.0,1.0,0.0,0.0,0.0,0.0,1.0,62.0
-2.1594516738460707,1.0,4.0,-0.6564133867019374,-0.9501408396093661,0.0,0.0,-0.8542567002379494,1.0,1.6,2.0,1,1.0,0.0,0.0,0.0,0.0,0.0,1.0,35.0
-0.3888209385041404,1.0,3.0,-0.37465822071618693,-0.04613595924789011,1.0,2.0,0.7149485053706682,0.0,2.4,2.0,0,1.0,0.0,0.0,0.0,1.0,0.0,0.0,51.0
0.49649442916682485,1.0,2.0,0.47060727724106444,-0.5077554726239629,0.0,0.0,0.6277704383924118,1.0,0.0,1.0,0,1.0,0.0,0.0,0.0,1.0,0.0,0.0,59.0
0.49649442916682485,1.0,1.0,2.1611382731555673,0.7809323355509071,0.0,2.0,0.4098252709467704,0.0,0.2,2.0,1,1.0,0.0,0.0,0.0,0.0,0.0,1.0,59.0
-0.27815651754526977,1.0,2.0,-0.20560512112473664,-0.8155018148746782,1.0,0.0,1.499551108174977,0.0,0.0,1.0,0,1.0,0.0,0.0,0.0,1.0,0.0,0.0,52.0
1.049816533961178,1.0,3.0,-0.37465822071618693,1.1848494097549709,0.0,0.0,-0.8106676667488212,1.0,1.8,2.0,1,1.0,0.0,0.0,0.0,0.0,0.0,1.0,64.0
0.3858300082079542,1.0,3.0,-1.5016788846591889,-0.14230669120123862,0.0,2.0,0.19188010350112905,1.0,0.6,2.0,0,1.0,0.0,0.0,0.0,0.0,0.0,1.0,58.0
-0.831478622339623,1.0,3.0,-1.3326257850677385,-0.08460425202922951,0.0,0.0,0.1047020365228725,0.0,0.0,1.0,1,1.0,0.0,0.0,0.0,1.0,0.0,0.0,47.0
0.2751655872490835,1.0,4.0,1.8793831071698168,0.8001664819415768,1.0,2.0,-1.1157909011727192,0.0,1.0,2.0,4,0.0,0.0,0.0,1.0,0.0,0.0,1.0,57.0
-1.495465148092847,1.0,3.0,-1.107221652279138,0.050034772705458405,0.0,0.0,1.2816059407293359,0.0,0.0,1.0,0,1.0,0.0,0.0,0.0,1.0,0.0,0.0,41.0
-1.0528074642573644,1.0,2.0,-0.20560512112473664,1.165615263364301,0.0,2.0,0.8893046393271814,0.0,0.0,1.0,0,1.0,0.0,0.0,0.0,1.0,0.0,0.0,45.0
0.6071588501256955,0.0,3.0,-1.670731984250639,1.3579567272709983,0.0,0.0,0.45341430443589864,0.0,0.0,1.0,0,0.0,1.0,0.0,0.0,1.0,0.0,0.0,60.0
-0.27815651754526977,1.0,1.0,1.1468196756068656,0.9732737994576042,1.0,0.0,1.2380169072402076,0.0,1.2,2.0,0,1.0,0.0,0.0,0.0,0.0,0.0,1.0,52.0
-1.3848007271339764,0.0,4.0,-1.670731984250639,0.3385469685655039,0.0,2.0,-1.2029689681509756,0.0,0.6,2.0,0,1.0,0.0,0.0,0.0,1.0,0.0,0.0,42.0
1.38180979683779,0.0,3.0,-0.9381685526876878,6.0895567393757455,0.0,2.0,0.45341430443589864,0.0,1.6,2.0,0,1.0,0.0,0.0,0.0,0.0,0.0,1.0,67.0
0.05383674533134222,1.0,4.0,1.5976279411840664,0.8001664819415768,0.0,2.0,-0.2004211979010254,1.0,0.8,2.0,4,0.0,1.0,0.0,0.0,0.0,0.0,1.0,55.0
1.049816533961178,1.0,4.0,-0.6564133867019374,-0.026901812857220403,0.0,2.0,-2.3362838388683107,1.0,2.2,3.0,3,0.0,1.0,0.0,0.0,1.0,0.0,0.0,64.0
1.713803059714402,1.0,4.0,-0.09290305473043646,1.434893312833677,0.0,2.0,-1.7696264035096432,0.0,2.4,2.0,1,0.0,0.0,0.0,1.0,1.0,0.0,0.0,70.0
-0.3888209385041404,1.0,4.0,0.47060727724106444,0.9925079458482738,0.0,0.0,1.0200717397945662,1.0,1.6,1.0,1,1.0,0.0,0.0,0.0,0.0,0.0,1.0,51.0
0.3858300082079542,1.0,4.0,-0.37465822071618693,1.0117420922389435,0.0,2.0,0.9328936728163096,0.0,0.0,1.0,1,0.0,0.0,1.0,0.0,0.0,0.0,1.0,58.0
0.6071588501256955,1.0,4.0,0.47060727724106444,0.8771030675042556,0.0,2.0,0.8893046393271814,0.0,1.2,2.0,2,0.0,0.0,1.0,0.0,0.0,0.0,1.0,60.0
1.4924742177966608,1.0,3.0,-0.7691154530962375,0.5693567252535404,0.0,0.0,0.06111300303374423,0.0,1.0,1.0,0,0.0,1.0,0.0,0.0,0.0,0.0,1.0,68.0
-0.9421430432984936,1.0,2.0,-1.7270830174477891,-0.9693749860000358,1.0,0.0,0.2790581704793856,0.0,0.0,1.0,0,1.0,0.0,0.0,0.0,0.0,0.0,1.0,46.0
2.4884540064264966,1.0,4.0,-0.37465822071618693,1.0886786778016224,0.0,2.0,0.5405923714141552,1.0,0.0,1.0,4,0.0,0.0,0.0,1.0,1.0,0.0,0.0,77.0
-0.056827675627528426,0.0,3.0,-1.2199237186734384,-0.6423944973586508,0.0,0.0,0.3662362374576421,0.0,1.6,2.0,0,1.0,0.0,0.0,0.0,1.0,0.0,0.0,54.0
0.3858300082079542,0.0,4.0,-1.7834340506449393,0.011566479924119003,0.0,2.0,-1.2029689681509756,0.0,1.0,2.0,0,1.0,0.0,0.0,0.0,1.0,0.0,0.0,58.0
-0.7208142013807524,1.0,3.0,-0.431009253913337,0.1462055046588069,1.0,0.0,1.1072498067728227,0.0,0.0,1.0,0,0.0,0.0,1.0,0.0,1.0,0.0,0.0,48.0
0.2751655872490835,1.0,4.0,0.01979901166386372,-0.7770335220933389,0.0,0.0,0.8021265723489248,1.0,0.0,1.0,0,1.0,0.0,0.0,0.0,0.0,0.0,1.0,57.0
-0.056827675627528426,0.0,2.0,0.01979901166386372,0.7809323355509071,1.0,2.0,0.4098252709467704,1.0,0.0,1.0,0,0.0,1.0,0.0,0.0,1.0,0.0,0.0,54.0
-2.1594516738460707,1.0,4.0,-0.31830718751903686,0.6655274572068889,0.0,2.0,0.2790581704793856,1.0,0.0,1.0,1,1.0,0.0,0.0,0.0,0.0,0.0,1.0,35.0
-1.0528074642573644,0.0,2.0,-1.107221652279138,-1.6810384024548148,0.0,0.0,-0.5055444323249233,0.0,0.0,2.0,0,1.0,0.0,0.0,0.0,1.0,0.0,0.0,45.0
1.713803059714402,1.0,3.0,1.5976279411840664,0.4154835541281828,0.0,0.0,-1.6388593030422582,1.0,2.9,2.0,3,0.0,1.0,0.0,0.0,0.0,0.0,1.0,70.0
-0.16749209658639908,1.0,4.0,0.5833093436353647,-0.41158474067061446,0.0,2.0,-1.6824483365313865,1.0,0.0,1.0,0,1.0,0.0,0.0,0.0,0.0,0.0,1.0,53.0
0.49649442916682485,0.0,4.0,2.3865424059441676,0.030800626314788703,0.0,0.0,-0.28759926487928195,1.0,0.0,2.0,1,1.0,0.0,0.0,0.0,1.0,0.0,0.0,59.0
0.8284876920434369,0.0,4.0,0.47060727724106444,2.8197518529618955,0.0,2.0,0.3226472039685139,0.0,1.2,2.0,0,1.0,0.0,0.0,0.0,1.0,0.0,0.0,62.0
1.049816533961178,1.0,4.0,0.7523624432268149,-0.6808627901399903,0.0,2.0,-0.7670786332596929,0.0,2.0,2.0,4,0.0,0.0,1.0,0.0,0.0,1.0,0.0,64.0
0.2751655872490835,1.0,4.0,1.1468196756068656,0.5116542860815313,0.0,0.0,-2.6849961067813366,1.0,1.2,2.0,1,0.0,1.0,0.0,0.0,0.0,0.0,1.0,57.0
-0.27815651754526977,1.0,4.0,-1.3326257850677385,-0.27694571593592654,1.0,0.0,-0.11324313092276886,0.0,0.1,1.0,0,0.0,0.0,0.0,1.0,0.0,0.0,1.0,52.0
0.16450116629021289,1.0,4.0,0.01979901166386372,-1.219418889078742,0.0,2.0,-1.9439825374661561,1.0,2.1,2.0,1,0.0,1.0,0.0,0.0,0.0,1.0,0.0,56.0
-1.2741363061751056,1.0,3.0,-0.09290305473043646,1.3002542880989891,0.0,0.0,0.5405923714141552,0.0,1.9,1.0,0,0.0,1.0,0.0,0.0,1.0,0.0,0.0,43.0
-0.16749209658639908,1.0,3.0,-0.09290305473043646,-0.026901812857220403,1.0,2.0,1.0200717397945662,0.0,0.0,1.0,0,0.0,0.0,0.0,1.0,1.0,0.0,0.0,53.0
-0.7208142013807524,1.0,4.0,-0.431009253913337,0.5116542860815313,0.0,2.0,0.7149485053706682,0.0,0.5,2.0,3,1.0,0.0,0.0,0.0,0.0,0.0,1.0,48.0
0.16450116629021289,0.0,4.0,0.1325010780581639,3.1082640488219413,0.0,2.0,0.017523969544615957,1.0,1.9,2.0,2,0.0,0.0,1.0,0.0,0.0,0.0,1.0,56.0
-1.3848007271339764,1.0,1.0,0.9214155428182652,-0.06537010563855981,0.0,2.0,1.2380169072402076,0.0,0.8,1.0,0,0.0,0.0,1.0,0.0,1.0,0.0,0.0,42.0
0.49649442916682485,1.0,1.0,2.611946538732768,0.43471770051885245,0.0,2.0,-0.2004211979010254,0.0,4.2,3.0,0,1.0,0.0,0.0,0.0,0.0,0.0,1.0,59.0
0.6071588501256955,0.0,4.0,1.484925874789766,1.107912824192292,0.0,2.0,0.49700333792502693,0.0,0.0,1.0,1,1.0,0.0,0.0,0.0,1.0,0.0,0.0,60.0
0.9391521130023075,0.0,2.0,0.47060727724106444,-1.0078432787813751,0.0,0.0,1.2816059407293359,0.0,0.0,1.0,0,0.0,0.0,1.0,0.0,1.0,0.0,0.0,63.0
-1.3848007271339764,1.0,3.0,-0.6564133867019374,-0.14230669120123862,1.0,0.0,1.9354414430662599,0.0,0.8,3.0,0,1.0,0.0,0.0,0.0,0.0,0.0,1.0,42.0
1.2711453758789195,1.0,2.0,1.5976279411840664,-0.026901812857220403,0.0,0.0,-1.2901470351292321,1.0,0.0,2.0,2,0.0,0.0,0.0,1.0,0.0,1.0,0.0,66.0
-0.056827675627528426,1.0,2.0,3.4008610034928695,0.6847616035975586,0.0,2.0,1.979030476555388,0.0,0.0,1.0,1,0.0,1.0,0.0,0.0,0.0,0.0,1.0,54.0
1.6031386387555313,1.0,3.0,0.47060727724106444,0.1269713582681372,0.0,2.0,-0.15683216441189712,0.0,2.0,2.0,2,0.0,0.0,0.0,1.0,0.0,0.0,1.0,69.0
-0.49948535946301104,1.0,3.0,-0.14925408792758657,-0.9886091323907056,0.0,0.0,0.5841814049032835,0.0,0.0,1.0,0,1.0,0.0,0.0,0.0,1.0,0.0,0.0,50.0
-0.3888209385041404,1.0,4.0,0.47060727724106444,0.9732737994576042,0.0,0.0,-1.2029689681509756,1.0,4.2,2.0,3,0.0,0.0,0.0,1.0,0.0,0.0,1.0,51.0
0.8284876920434369,0.0,4.0,0.3579052108467643,0.8963372138949254,1.0,0.0,-1.9003935039770279,0.0,1.9,2.0,2,0.0,0.0,0.0,1.0,1.0,0.0,0.0,62.0
1.4924742177966608,0.0,3.0,-0.6564133867019374,-0.70009693653066,0.0,2.0,-1.5080922025748735,0.0,1.5,2.0,0,1.0,0.0,0.0,0.0,1.0,0.0,0.0,68.0
1.38180979683779,1.0,4.0,-1.7834340506449393,0.9925079458482738,0.0,2.0,-1.0722018676835907,1.0,0.9,2.0,3,0.0,0.0,1.0,0.0,1.0,0.0,0.0,67.0
1.6031386387555313,1.0,1.0,1.5976279411840664,-0.2577115695452568,1.0,2.0,-0.8106676667488212,0.0,0.1,2.0,0,0.0,1.0,0.0,0.0,1.0,0.0,0.0,69.0
-1.0528074642573644,0.0,4.0,0.3579052108467643,-0.21924327676391744,0.0,2.0,0.1047020365228725,1.0,0.2,2.0,0,1.0,0.0,0.0,0.0,1.0,0.0,0.0,45.0
-0.49948535946301104,0.0,2.0,-0.6564133867019374,-0.06537010563855981,0.0,0.0,0.5405923714141552,0.0,1.1,1.0,0,1.0,0.0,0.0,0.0,1.0,0.0,0.0,50.0
0.49649442916682485,1.0,1.0,1.5976279411840664,0.49242013969086157,0.0,2.0,-1.0722018676835907,0.0,0.0,1.0,1,1.0,0.0,0.0,0.0,1.0,0.0,0.0,59.0
-0.49948535946301104,0.0,4.0,-1.2199237186734384,0.1269713582681372,0.0,2.0,0.4098252709467704,0.0,0.0,1.0,0,1.0,0.0,0.0,0.0,1.0,0.0,0.0,50.0
1.049816533961178,0.0,4.0,2.724648605127068,1.492595752005686,0.0,0.0,0.19188010350112905,1.0,0.0,1.0,0,1.0,0.0,0.0,0.0,1.0,0.0,0.0,64.0
0.2751655872490835,1.0,3.0,1.0341176092125655,-2.3349993797375848,1.0,0.0,1.0200717397945662,0.0,0.2,1.0,0,0.0,1.0,0.0,0.0,0.0,0.0,1.0,57.0
1.049816533961178,0.0,3.0,0.47060727724106444,1.2617859953176498,0.0,0.0,-0.7234895997705646,0.0,0.2,1.0,0,1.0,0.0,0.0,0.0,0.0,0.0,1.0,64.0
-1.2741363061751056,1.0,4.0,-1.2199237186734384,-0.70009693653066,0.0,0.0,0.49700333792502693,0.0,0.0,1.0,0,1.0,0.0,0.0,0.0,0.0,0.0,1.0,43.0
-1.0528074642573644,1.0,4.0,0.5833093436353647,1.1848494097549709,0.0,2.0,-0.11324313092276886,1.0,0.0,2.0,3,0.0,0.0,0.0,1.0,0.0,0.0,1.0,45.0
0.3858300082079542,1.0,4.0,-0.20560512112473664,0.22314209022148573,0.0,2.0,-0.8542567002379494,1.0,3.0,2.0,3,0.0,0.0,1.0,0.0,0.0,0.0,1.0,58.0
-0.49948535946301104,1.0,4.0,0.6960114100296648,-0.9116725468280268,0.0,2.0,-1.0286128341944625,1.0,0.9,2.0,3,1.0,0.0,0.0,0.0,0.0,0.0,1.0,50.0
0.05383674533134222,1.0,2.0,-0.09290305473043646,0.28084452939349486,0.0,0.0,0.23546913699025732,0.0,0.0,1.0,0,1.0,0.0,0.0,0.0,1.0,0.0,0.0,55.0
0.8284876920434369,0.0,4.0,1.0341176092125655,-0.06537010563855981,0.0,0.0,0.19188010350112905,1.0,1.4,2.0,1,1.0,0.0,0.0,0.0,1.0,0.0,0.0,62.0
-1.9381228319283297,0.0,3.0,-0.6564133867019374,-0.6231603509679812,0.0,0.0,0.8893046393271814,0.0,0.0,1.0,0,1.0,0.0,0.0,0.0,1.0,0.0,0.0,37.0
-1.827458410969459,1.0,1.0,-0.6564133867019374,-0.31541400871726594,0.0,0.0,1.4123730411967206,1.0,3.8,2.0,4,1.0,0.0,0.0,0.0,0.0,0.0,1.0,38.0
-1.495465148092847,1.0,3.0,-0.09290305473043646,-0.6423944973586508,0.0,2.0,0.8021265723489248,0.0,2.0,2.0,0,1.0,0.0,0.0,0.0,1.0,0.0,0.0,41.0
1.2711453758789195,0.0,4.0,2.611946538732768,-0.37311644788927506,1.0,0.0,0.67135947188154,1.0,1.0,2.0,3,0.0,0.0,1.0,0.0,0.0,0.0,1.0,66.0
-0.27815651754526977,1.0,4.0,-1.107221652279138,-0.33464815510793566,0.0,0.0,0.45341430443589864,0.0,0.0,1.0,1,0.0,1.0,0.0,0.0,1.0,0.0,0.0,52.0
0.16450116629021289,1.0,1.0,-0.6564133867019374,-1.0463115715627147,0.0,2.0,0.5405923714141552,0.0,1.9,2.0,0,1.0,0.0,0.0,0.0,0.0,0.0,1.0,56.0
-0.9421430432984936,0.0,2.0,-1.5016788846591889,-0.8347359612653479,0.0,0.0,0.9764827063054379,0.0,0.0,1.0,0,1.0,0.0,0.0,0.0,1.0,0.0,0.0,46.0
-0.9421430432984936,0.0,4.0,0.3579052108467643,-0.08460425202922951,0.0,2.0,0.1047020365228725,1.0,0.0,2.0,0,1.0,0.0,0.0,0.0,1.0,0.0,0.0,46.0
1.049816533961178,0.0,4.0,-0.09290305473043646,1.0694445314109526,0.0,0.0,-1.2029689681509756,0.0,2.0,2.0,0,0.0,0.0,1.0,0.0,1.0,0.0,0.0,64.0
0.49649442916682485,1.0,4.0,0.3579052108467643,0.45395184690952217,0.0,2.0,1.4123730411967206,0.0,0.0,1.0,0,1.0,0.0,0.0,0.0,1.0,0.0,0.0,59.0
-1.495465148092847,0.0,3.0,-1.107221652279138,0.39624940773751305,0.0,2.0,0.9764827063054379,1.0,0.0,1.0,0,1.0,0.0,0.0,0.0,1.0,0.0,0.0,41.0
-0.056827675627528426,0.0,3.0,-1.3326257850677385,0.3770152613468434,0.0,2.0,0.7585375388597966,0.0,0.0,1.0,0,1.0,0.0,0.0,0.0,1.0,0.0,0.0,54.0
-1.7167939900105882,0.0,3.0,-2.1215402498278397,-0.9309066932186965,0.0,0.0,1.2816059407293359,0.0,0.0,1.0,0,1.0,0.0,0.0,0.0,1.0,0.0,0.0,39.0
-0.16749209658639908,1.0,4.0,-0.4873602871104871,0.6655274572068889,0.0,0.0,-2.379872872357439,1.0,2.0,2.0,3,0.0,0.0,1.0,0.0,0.0,0.0,1.0,53.0
0.9391521130023075,0.0,4.0,-1.3326257850677385,0.4154835541281828,0.0,0.0,0.845715605838053,1.0,1.8,2.0,1,0.0,0.0,1.0,0.0,1.0,0.0,0.0,63.0
-2.2701160948049415,0.0,2.0,-0.7691154530962375,-0.7193310829213297,0.0,0.0,1.8482633760880034,0.0,0.7,1.0,0,1.0,0.0,0.0,0.0,1.0,0.0,0.0,34.0
-0.831478622339623,1.0,4.0,-1.107221652279138,-0.8347359612653479,0.0,0.0,-0.28759926487928195,0.0,0.1,1.0,0,1.0,0.0,0.0,0.0,1.0,0.0,0.0,47.0
1.38180979683779,0.0,3.0,1.1468196756068656,0.5693567252535404,0.0,0.0,0.9764827063054379,0.0,0.0,1.0,0,0.0,1.0,0.0,0.0,1.0,0.0,0.0,67.0
-0.056827675627528426,1.0,4.0,-1.2199237186734384,-0.7962676684840085,0.0,2.0,-1.8132154369987714,1.0,0.0,2.0,3,0.0,1.0,0.0,0.0,1.0,0.0,0.0,54.0
1.2711453758789195,1.0,4.0,-1.107221652279138,-0.6808627901399903,0.0,2.0,-0.7670786332596929,1.0,0.1,1.0,2,0.0,1.0,0.0,0.0,1.0,0.0,0.0,66.0
-0.27815651754526977,0.0,3.0,0.24520314445246408,-0.9886091323907056,0.0,2.0,0.845715605838053,0.0,0.1,2.0,0,1.0,0.0,0.0,0.0,1.0,0.0,0.0,52.0
0.05383674533134222,0.0,4.0,2.724648605127068,1.5310640447870256,0.0,1.0,-1.420914135596617,1.0,3.4,2.0,2,1.0,0.0,0.0,0.0,1.0,0.0,0.0,55.0
-0.6101497804218817,1.0,3.0,-0.7691154530962375,-1.8926140127521816,0.0,2.0,-1.0286128341944625,0.0,0.8,1.0,1,0.0,0.0,0.0,1.0,1.0,0.0,0.0,49.0
2.156460743549885,0.0,2.0,-0.6564133867019374,0.4154835541281828,0.0,2.0,-1.2465580016401039,1.0,0.2,1.0,0,0.0,1.0,0.0,0.0,1.0,0.0,0.0,74.0
-0.056827675627528426,0.0,3.0,1.5976279411840664,-0.892438400437357,0.0,0.0,0.5841814049032835,0.0,0.0,1.0,0,0.0,1.0,0.0,0.0,1.0,0.0,0.0,54.0
-0.056827675627528426,1.0,4.0,-0.5437113203076372,0.7424640427695677,0.0,2.0,-1.4645031690857453,1.0,3.2,2.0,3,0.0,0.0,1.0,0.0,1.0,0.0,0.0,54.0
0.16450116629021289,1.0,4.0,-0.09290305473043646,0.6847616035975586,1.0,2.0,-2.0311606044444126,1.0,1.6,3.0,2,1.0,0.0,0.0,0.0,0.0,0.0,1.0,56.0
-0.9421430432984936,1.0,4.0,-0.6564133867019374,0.030800626314788703,0.0,2.0,-0.24401023139015365,0.0,0.8,1.0,1,1.0,0.0,0.0,0.0,0.0,0.0,1.0,46.0
-0.6101497804218817,0.0,2.0,0.1325010780581639,0.45395184690952217,0.0,0.0,0.5405923714141552,0.0,0.0,2.0,0,1.0,0.0,0.0,0.0,1.0,0.0,0.0,49.0
-1.3848007271339764,1.0,2.0,-0.6564133867019374,0.915571360285595,0.0,0.0,0.5405923714141552,0.0,0.0,1.0,0,1.0,0.0,0.0,0.0,1.0,0.0,0.0,42.0
-1.495465148092847,1.0,2.0,-1.2199237186734384,-0.23847742315458714,0.0,0.0,0.14829107001200076,0.0,0.0,1.0,0,1.0,0.0,0.0,0.0,1.0,0.0,0.0,41.0
-1.495465148092847,0.0,2.0,-0.31830718751903686,1.1271469705829618,0.0,0.0,0.5841814049032835,0.0,0.0,1.0,0,1.0,0.0,0.0,0.0,1.0,0.0,0.0,41.0
-0.6101497804218817,0.0,4.0,-0.09290305473043646,0.4154835541281828,0.0,0.0,0.5841814049032835,0.0,0.0,1.0,0,1.0,0.0,0.0,0.0,1.0,0.0,0.0,49.0
0.7178232710845661,1.0,1.0,0.1325010780581639,-0.2577115695452568,0.0,0.0,-0.2004211979010254,0.0,2.6,2.0,2,0.0,0.0,1.0,0.0,1.0,0.0,0.0,61.0
0.6071588501256955,0.0,3.0,-0.6564133867019374,-1.33482376742276,1.0,0.0,-2.3362838388683107,0.0,0.0,1.0,0,1.0,0.0,0.0,0.0,1.0,0.0,0.0,60.0
1.38180979683779,1.0,4.0,-0.6564133867019374,-0.20000913037324772,0.0,0.0,-3.4260096760965175,0.0,1.0,2.0,2,1.0,0.0,0.0,0.0,1.0,0.0,0.0,67.0
0.3858300082079542,1.0,4.0,-1.7834340506449393,-0.2577115695452568,0.0,0.0,0.2790581704793856,0.0,0.1,1.0,2,0.0,1.0,0.0,0.0,0.0,0.0,1.0,58.0
-0.831478622339623,1.0,4.0,-1.2199237186734384,0.530888432472201,0.0,2.0,-1.3773251021074886,1.0,1.0,2.0,1,0.0,1.0,0.0,0.0,1.0,0.0,0.0,47.0
-0.27815651754526977,1.0,4.0,-0.37465822071618693,-0.6808627901399903,0.0,0.0,0.8021265723489248,0.0,1.0,1.0,3,0.0,0.0,1.0,0.0,0.0,0.0,1.0,52.0
0.8284876920434369,1.0,2.0,-0.20560512112473664,-0.7577993757026691,1.0,2.0,-0.41836636534666677,0.0,0.0,1.0,0,1.0,0.0,0.0,0.0,1.0,0.0,0.0,62.0
0.2751655872490835,1.0,4.0,-1.2199237186734384,-0.892438400437357,0.0,0.0,-1.0286128341944625,1.0,1.5,2.0,0,1.0,0.0,0.0,0.0,0.0,1.0,0.0,57.0
0.3858300082079542,1.0,4.0,0.808713476423965,-0.565457911795972,0.0,0.0,-1.9439825374661561,0.0,2.0,2.0,1,0.0,1.0,0.0,0.0,0.0,0.0,1.0,58.0
1.049816533961178,1.0,4.0,-0.20560512112473664,0.30007867578416453,0.0,0.0,-1.9439825374661561,1.0,0.2,2.0,0,0.0,1.0,0.0,0.0,0.0,0.0,1.0,64.0
-0.3888209385041404,0.0,3.0,-0.6564133867019374,0.915571360285595,0.0,2.0,0.3226472039685139,0.0,0.6,1.0,0,1.0,0.0,0.0,0.0,1.0,0.0,0.0,51.0
-1.2741363061751056,1.0,4.0,-0.9381685526876878,1.0694445314109526,0.0,0.0,1.3687840077075923,0.0,1.2,2.0,0,1.0,0.0,0.0,0.0,1.0,0.0,0.0,43.0
-1.3848007271339764,0.0,3.0,-0.6564133867019374,-0.7385652293119994,0.0,0.0,1.0200717397945662,0.0,0.0,2.0,0,1.0,0.0,0.0,0.0,1.0,0.0,0.0,42.0
1.38180979683779,0.0,4.0,-1.4453278514620387,-0.4692871798426236,0.0,0.0,-0.3311882983684102,0.0,0.3,1.0,0,0.0,0.0,1.0,0.0,1.0,0.0,0.0,67.0
2.377789585467626,0.0,3.0,0.47060727724106444,-0.9693749860000358,0.0,1.0,-1.4645031690857453,0.0,1.1,2.0,0,1.0,0.0,0.0,0.0,1.0,0.0,0.0,76.0
1.713803059714402,1.0,2.0,1.3722238083954659,-0.04613595924789011,0.0,2.0,-0.28759926487928195,0.0,0.0,1.0,0,1.0,0.0,0.0,0.0,1.0,0.0,0.0,70.0
0.2751655872490835,1.0,2.0,-0.431009253913337,0.26161038300282513,0.0,0.0,-0.3747773318575385,0.0,0.3,1.0,1,1.0,0.0,0.0,0.0,0.0,0.0,1.0,57.0
-1.163471885216235,0.0,3.0,-0.7691154530962375,-0.10383839841989921,0.0,0.0,-0.02606506394451231,0.0,0.3,2.0,0,0.0,1.0,0.0,0.0,1.0,0.0,0.0,44.0
0.3858300082079542,0.0,2.0,0.24520314445246408,1.3771908736616678,1.0,2.0,0.1047020365228725,0.0,0.0,1.0,3,0.0,0.0,1.0,0.0,1.0,0.0,0.0,58.0
0.6071588501256955,0.0,1.0,1.0341176092125655,-0.14230669120123862,0.0,0.0,0.9328936728163096,0.0,0.9,1.0,0,1.0,0.0,0.0,0.0,1.0,0.0,0.0,60.0
-1.163471885216235,1.0,3.0,-0.6564133867019374,-0.41158474067061446,0.0,0.0,0.845715605838053,0.0,0.0,1.0,0,1.0,0.0,0.0,0.0,1.0,0.0,0.0,44.0
0.7178232710845661,1.0,4.0,0.3579052108467643,-1.5656335241107966,0.0,2.0,-1.0722018676835907,1.0,3.6,2.0,4,0.0,1.0,0.0,0.0,1.0,0.0,0.0,61.0
-1.3848007271339764,1.0,4.0,0.24520314445246408,1.3002542880989891,0.0,0.0,-1.0722018676835907,1.0,1.8,2.0,2,1.0,0.0,0.0,0.0,0.0,1.0,0.0,42.0
0.49649442916682485,1.0,3.0,-0.31830718751903686,-0.565457911795972,1.0,0.0,-0.6799005662814364,0.0,2.2,2.0,2,0.0,1.0,0.0,0.0,0.0,1.0,0.0,59.0
-1.6061295690517177,1.0,4.0,1.1468196756068656,-0.4692871798426236,0.0,0.0,1.3687840077075923,0.0,0.0,1.0,1,1.0,0.0,0.0,0.0,0.0,0.0,1.0,40.0
-1.3848007271339764,1.0,3.0,-0.09290305473043646,-1.2963554746414208,0.0,0.0,0.017523969544615957,0.0,0.0,1.0,0,1.0,0.0,0.0,0.0,1.0,0.0,0.0,42.0
0.7178232710845661,1.0,4.0,0.47060727724106444,-0.7770335220933389,0.0,2.0,-0.5055444323249233,1.0,1.9,1.0,1,0.0,1.0,0.0,0.0,0.0,0.0,1.0,61.0
1.2711453758789195,1.0,4.0,1.5976279411840664,-0.37311644788927506,0.0,2.0,-0.5055444323249233,0.0,2.3,1.0,0,1.0,0.0,0.0,0.0,0.0,1.0,0.0,66.0
-0.9421430432984936,1.0,4.0,0.47060727724106444,1.2233177025363102,0.0,0.0,-1.2901470351292321,1.0,1.8,2.0,2,0.0,0.0,1.0,0.0,0.0,0.0,1.0,46.0
1.8244674806732728,0.0,4.0,-1.107221652279138,-1.8926140127521816,0.0,0.0,-1.0722018676835907,0.0,1.6,2.0,0,1.0,0.0,0.0,0.0,1.0,0.0,0.0,71.0
0.49649442916682485,1.0,1.0,0.1325010780581639,-0.8347359612653479,0.0,0.0,0.5405923714141552,0.0,0.8,1.0,1,0.0,0.0,1.0,0.0,1.0,0.0,0.0,59.0
1.049816533961178,1.0,1.0,2.1611382731555673,-0.39235059427994473,0.0,2.0,0.23546913699025732,0.0,0.6,2.0,0,1.0,0.0,0.0,0.0,0.0,0.0,1.0,64.0
1.2711453758789195,0.0,3.0,0.808713476423965,0.5885908716442101,0.0,2.0,0.1047020365228725,0.0,0.0,2.0,0,0.0,1.0,0.0,0.0,1.0,0.0,0.0,66.0
-1.7167939900105882,0.0,3.0,0.3579052108467643,-0.5269896190146327,0.0,0.0,0.1047020365228725,0.0,0.0,2.0,0,1.0,0.0,0.0,0.0,1.0,0.0,0.0,39.0
0.2751655872490835,1.0,2.0,1.2595217420011657,-0.29617986232659627,0.0,2.0,0.6277704383924118,0.0,0.0,1.0,1,0.0,1.0,0.0,0.0,1.0,0.0,0.0,57.0
0.3858300082079542,0.0,4.0,-0.09290305473043646,-0.9693749860000358,0.0,0.0,-0.8106676667488212,0.0,0.6,2.0,0,1.0,0.0,0.0,0.0,1.0,0.0,0.0,58.0
0.2751655872490835,1.0,4.0,-1.2199237186734384,1.6849372159123832,0.0,0.0,-0.28759926487928195,1.0,3.0,2.0,2,0.0,1.0,0.0,0.0,0.0,0.0,1.0,57.0
-0.831478622339623,1.0,3.0,-0.09290305473043646,0.10773721187746751,0.0,0.0,1.2816059407293359,0.0,0.0,1.0,0,1.0,0.0,0.0,0.0,1.0,0.0,0.0,47.0
0.05383674533134222,0.0,4.0,-0.20560512112473664,-0.8155018148746782,0.0,1.0,-0.8542567002379494,1.0,2.0,2.0,3,0.0,1.0,0.0,0.0,0.0,0.0,1.0,55.0
-2.1594516738460707,1.0,2.0,-0.5437113203076372,-1.0655457179533843,0.0,0.0,1.0636607732836945,0.0,0.0,1.0,0,1.0,0.0,0.0,0.0,1.0,0.0,0.0,35.0
0.7178232710845661,1.0,4.0,0.9214155428182652,-0.8539701076560177,0.0,0.0,0.49700333792502693,0.0,0.0,1.0,2,0.0,1.0,0.0,0.0,0.0,0.0,1.0,61.0
0.3858300082079542,1.0,4.0,-0.9945195858848379,1.3579567272709983,0.0,1.0,-0.41836636534666677,0.0,4.4,3.0,4,0.0,0.0,0.0,1.0,0.0,1.0,0.0,58.0
0.3858300082079542,0.0,4.0,2.1611382731555673,-0.4308188870612842,1.0,2.0,-0.15683216441189712,1.0,2.8,2.0,2,0.0,0.0,1.0,0.0,0.0,1.0,0.0,58.0
0.16450116629021289,1.0,2.0,-0.09290305473043646,-0.5077554726239629,0.0,2.0,0.5841814049032835,0.0,0.0,1.0,0,1.0,0.0,0.0,0.0,0.0,0.0,1.0,56.0
0.16450116629021289,1.0,2.0,-0.6564133867019374,-0.14230669120123862,0.0,0.0,0.845715605838053,0.0,0.0,3.0,0,1.0,0.0,0.0,0.0,1.0,0.0,0.0,56.0
1.38180979683779,1.0,3.0,1.1468196756068656,-0.6808627901399903,0.0,2.0,0.017523969544615957,0.0,0.8,2.0,1,1.0,0.0,0.0,0.0,0.0,0.0,1.0,67.0
0.05383674533134222,0.0,2.0,0.01979901166386372,1.819576240647071,0.0,0.0,0.7149485053706682,0.0,1.2,1.0,0,1.0,0.0,0.0,0.0,1.0,0.0,0.0,55.0
-1.163471885216235,1.0,4.0,-0.6564133867019374,-1.5079310849387875,0.0,0.0,-0.24401023139015365,1.0,2.8,3.0,2,1.0,0.0,0.0,0.0,0.0,1.0,0.0,44.0
0.9391521130023075,1.0,4.0,0.47060727724106444,-1.161716449906733,0.0,2.0,-0.24401023139015365,1.0,4.0,1.0,2,0.0,0.0,1.0,0.0,0.0,0.0,1.0,63.0
0.9391521130023075,0.0,4.0,-0.431009253913337,-0.9693749860000358,0.0,0.0,-0.5927224993031798,1.0,0.0,2.0,1,1.0,0.0,0.0,0.0,1.0,0.0,0.0,63.0
-1.495465148092847,1.0,2.0,-0.6564133867019374,-1.738740841626824,0.0,0.0,1.4123730411967206,0.0,0.0,1.0,0,1.0,0.0,0.0,0.0,1.0,0.0,0.0,41.0
0.49649442916682485,1.0,4.0,1.8230320739726666,-1.3732920602040997,1.0,2.0,-2.59781803980308,0.0,1.0,2.0,3,0.0,0.0,1.0,0.0,0.0,1.0,0.0,59.0
0.2751655872490835,0.0,4.0,0.47060727724106444,-0.12307254481056892,0.0,0.0,-1.1593799346618474,1.0,0.2,2.0,1,1.0,0.0,0.0,0.0,0.0,0.0,1.0,57.0
-1.0528074642573644,1.0,1.0,-1.2199237186734384,0.31931282217483425,0.0,0.0,-0.7670786332596929,0.0,1.2,2.0,1,1.0,0.0,0.0,0.0,0.0,0.0,1.0,45.0
1.4924742177966608,1.0,4.0,0.6960114100296648,-1.0463115715627147,1.0,0.0,-0.3747773318575385,0.0,3.4,2.0,2,0.0,0.0,1.0,0.0,0.0,0.0,1.0,68.0
0.2751655872490835,1.0,4.0,-0.09290305473043646,-2.2388286477842363,0.0,0.0,-1.5080922025748735,1.0,1.2,2.0,3,0.0,1.0,0.0,0.0,0.0,0.0,1.0,57.0
0.2751655872490835,0.0,2.0,-0.09290305473043646,-0.21924327676391744,0.0,2.0,1.0636607732836945,0.0,0.0,2.0,1,0.0,1.0,0.0,0.0,1.0,0.0,0.0,57.0
